800 600
t 11 7 0 0
t 11 7 0 32
t 11 7 0 64
t 11 7 0 96
t 11 7 0 128
t 11 7 0 160
t 11 7 0 192
t 11 7 0 224
t 11 7 0 256
t 11 7 0 288
t 11 7 0 320
t 11 7 0 352
t 11 7 0 384
t 11 7 0 416
t 11 7 0 448
t 11 7 0 480
t 11 7 0 512
t 11 7 0 544
t 11 7 0 576
t 11 7 0 608
t 11 7 32 0
t 11 7 32 32
t 11 7 32 64
t 11 7 32 96
t 11 7 32 128
t 11 7 32 160
t 11 7 32 192
t 11 7 32 224
t 11 7 32 256
t 11 7 32 288
t 11 7 32 320
t 11 7 32 352
t 11 7 32 384
t 11 7 32 416
t 11 7 32 448
t 11 7 32 480
t 11 7 32 512
t 11 7 32 544
t 11 7 32 576
t 11 7 32 608
t 11 7 64 0
t 11 7 64 32
t 11 7 64 64
t 11 7 64 96
t 11 7 64 128
t 11 7 64 160
t 11 7 64 192
t 11 7 64 224
t 11 7 64 256
t 11 7 64 288
t 11 7 64 320
t 11 7 64 352
t 11 7 64 384
t 11 7 64 416
t 11 7 64 448
t 11 7 64 480
t 11 7 64 512
t 11 7 64 544
t 11 7 64 576
t 11 7 64 608
t 11 7 96 0
t 11 7 96 32
t 11 7 96 64
t 11 7 96 96
t 11 7 96 128
t 11 7 96 160
t 11 7 96 192
t 11 7 96 224
t 11 7 96 256
t 11 7 96 288
t 11 7 96 320
t 11 7 96 352
t 11 7 96 384
t 11 7 96 416
t 11 7 96 448
t 11 7 96 480
t 11 7 96 512
t 11 7 96 544
t 11 7 96 576
t 11 7 96 608
t 11 7 128 0
t 11 7 128 32
t 11 7 128 64
t 11 7 128 96
t 11 7 128 128
t 11 7 128 160
t 11 7 128 192
t 11 7 128 224
t 11 7 128 256
t 11 7 128 288
t 11 7 128 320
t 11 7 128 352
t 11 7 128 384
t 11 7 128 416
t 11 7 128 448
t 11 7 128 480
t 11 7 128 512
t 11 7 128 544
t 11 7 128 576
t 11 7 128 608
t 11 7 160 0
t 11 7 160 32
t 11 7 160 64
t 11 7 160 96
t 11 7 160 128
t 11 7 160 160
t 11 7 160 192
t 11 7 160 224
t 11 7 160 256
t 11 7 160 288
t 11 7 160 320
t 11 7 160 352
t 11 7 160 384
t 11 7 160 416
t 11 7 160 448
t 11 7 160 480
t 11 7 160 512
t 11 7 160 544
t 11 7 160 576
t 11 7 160 608
t 11 7 192 0
t 11 7 192 32
t 11 7 192 64
t 11 7 192 96
t 11 7 192 128
t 11 7 192 160
t 11 7 192 192
t 11 7 192 224
t 11 7 192 256
t 11 7 192 288
t 11 7 192 320
t 11 7 192 352
t 11 7 192 384
t 11 7 192 416
t 11 7 192 448
t 11 7 192 480
t 11 7 192 512
t 11 7 192 544
t 11 7 192 576
t 11 7 192 608
t 11 7 224 0
t 11 7 224 32
t 11 7 224 64
t 11 7 224 96
t 11 7 224 128
t 11 7 224 160
t 11 7 224 192
t 11 7 224 224
t 11 7 224 256
t 11 7 224 288
t 11 7 224 320
t 11 7 224 352
t 11 7 224 384
t 11 7 224 416
t 11 7 224 448
t 11 7 224 480
t 11 7 224 512
t 11 7 224 544
t 11 7 224 576
t 11 7 224 608
t 11 7 256 0
t 11 7 256 32
t 11 7 256 64
t 11 7 256 96
t 11 7 256 128
t 11 7 256 160
t 11 7 256 192
t 11 7 256 224
t 11 7 256 256
t 11 7 256 288
t 11 7 256 320
t 11 7 256 352
t 11 7 256 384
t 11 7 256 416
t 11 7 256 448
t 11 7 256 480
t 11 7 256 512
t 11 7 256 544
t 11 7 256 576
t 11 7 256 608
t 11 7 288 0
t 11 7 288 32
t 11 7 288 64
t 11 7 288 96
t 11 7 288 128
t 11 7 288 160
t 11 7 288 192
t 11 7 288 224
t 11 7 288 256
t 11 7 288 288
t 11 7 288 320
t 11 7 288 352
t 11 7 288 384
t 11 7 288 416
t 11 7 288 448
t 11 7 288 480
t 11 7 288 512
t 11 7 288 544
t 11 7 288 576
t 11 7 288 608
t 11 7 320 0
t 11 7 320 32
t 11 7 320 64
t 11 7 320 96
t 11 7 320 128
t 11 7 320 160
t 11 7 320 192
t 11 7 320 224
t 11 7 320 256
t 11 7 320 288
t 11 7 320 320
t 11 7 320 352
t 11 7 320 384
t 11 7 320 416
t 11 7 320 448
t 11 7 320 480
t 11 7 320 512
t 11 7 320 544
t 11 7 320 576
t 11 7 320 608
t 11 7 352 0
t 11 7 352 32
t 11 7 352 64
t 11 7 352 96
t 11 7 352 128
t 11 7 352 160
t 11 7 352 192
t 11 7 352 224
t 11 7 352 256
t 11 7 352 288
t 11 7 352 320
t 11 7 352 352
t 11 7 352 384
t 11 7 352 416
t 11 7 352 448
t 11 7 352 480
t 11 7 352 512
t 11 7 352 544
t 11 7 352 576
t 11 7 352 608
t 11 7 384 0
t 11 7 384 32
t 11 7 384 64
t 11 7 384 96
t 11 7 384 128
t 11 7 384 160
t 11 7 384 192
t 11 7 384 224
t 11 7 384 256
t 11 7 384 288
t 11 7 384 320
t 11 7 384 352
t 11 7 384 384
t 11 7 384 416
t 11 7 384 448
t 11 7 384 480
t 11 7 384 512
t 11 7 384 544
t 11 7 384 576
t 11 7 384 608
t 11 7 416 0
t 11 7 416 32
t 11 7 416 64
t 11 7 416 96
t 11 7 416 128
t 11 7 416 160
t 11 7 416 192
t 11 7 416 224
t 11 7 416 256
t 11 7 416 288
t 11 7 416 320
t 11 7 416 352
t 11 7 416 384
t 11 7 416 416
t 11 7 416 448
t 11 7 416 480
t 11 7 416 512
t 11 7 416 544
t 11 7 416 576
t 11 7 416 608
t 11 7 448 0
t 11 7 448 32
t 11 7 448 64
t 11 7 448 96
t 11 7 448 128
t 11 7 448 160
t 11 7 448 192
t 11 7 448 224
t 11 7 448 256
t 11 7 448 288
t 11 7 448 320
t 11 7 448 352
t 11 7 448 384
t 11 7 448 416
t 11 7 448 448
t 11 7 448 480
t 11 7 448 512
t 11 7 448 544
t 11 7 448 576
t 11 7 448 608
t 11 7 480 0
t 11 7 480 32
t 11 7 480 64
t 11 7 480 96
t 11 7 480 128
t 11 7 480 160
t 11 7 480 192
t 11 7 480 224
t 11 7 480 256
t 11 7 480 288
t 11 7 480 320
t 11 7 480 352
t 11 7 480 384
t 11 7 480 416
t 11 7 480 448
t 11 7 480 480
t 11 7 480 512
t 11 7 480 544
t 11 7 480 576
t 11 7 480 608
t 11 7 512 0
t 11 7 512 32
t 11 7 512 64
t 11 7 512 96
t 11 7 512 128
t 11 7 512 160
t 11 7 512 192
t 11 7 512 224
t 11 7 512 256
t 11 7 512 288
t 11 7 512 320
t 11 7 512 352
t 11 7 512 384
t 11 7 512 416
t 11 7 512 448
t 11 7 512 480
t 11 7 512 512
t 11 7 512 544
t 11 7 512 576
t 11 7 512 608
t 11 7 544 0
t 11 7 544 32
t 11 7 544 64
t 11 7 544 96
t 11 7 544 128
t 11 7 544 160
t 11 7 544 192
t 11 7 544 224
t 11 7 544 256
t 11 7 544 288
t 11 7 544 320
t 11 7 544 352
t 11 7 544 384
t 11 7 544 416
t 11 7 544 448
t 11 7 544 480
t 11 7 544 512
t 11 7 544 544
t 11 7 544 576
t 11 7 544 608
t 11 7 576 0
t 11 7 576 32
t 11 7 576 64
t 11 7 576 96
t 11 7 576 128
t 11 7 576 160
t 11 7 576 192
t 11 7 576 224
t 11 7 576 256
t 11 7 576 288
t 11 7 576 320
t 11 7 576 352
t 11 7 576 384
t 11 7 576 416
t 11 7 576 448
t 11 7 576 480
t 11 7 576 512
t 11 7 576 544
t 11 7 576 576
t 11 7 576 608
t 11 7 608 0
t 11 7 608 32
t 11 7 608 64
t 11 7 608 96
t 11 7 608 128
t 11 7 608 160
t 11 7 608 192
t 11 7 608 224
t 11 7 608 256
t 11 7 608 288
t 11 7 608 320
t 11 7 608 352
t 11 7 608 384
t 11 7 608 416
t 11 7 608 448
t 11 7 608 480
t 11 7 608 512
t 11 7 608 544
t 11 7 608 576
t 11 7 608 608
t 11 7 640 0
t 11 7 640 32
t 11 7 640 64
t 11 7 640 96
t 11 7 640 128
t 11 7 640 160
t 11 7 640 192
t 11 7 640 224
t 11 7 640 256
t 11 7 640 288
t 11 7 640 320
t 11 7 640 352
t 11 7 640 384
t 11 7 640 416
t 11 7 640 448
t 11 7 640 480
t 11 7 640 512
t 11 7 640 544
t 11 7 640 576
t 11 7 640 608
t 11 7 672 0
t 11 7 672 32
t 11 7 672 64
t 11 7 672 96
t 11 7 672 128
t 11 7 672 160
t 11 7 672 192
t 11 7 672 224
t 11 7 672 256
t 11 7 672 288
t 11 7 672 320
t 11 7 672 352
t 11 7 672 384
t 11 7 672 416
t 11 7 672 448
t 11 7 672 480
t 11 7 672 512
t 11 7 672 544
t 11 7 672 576
t 11 7 672 608
t 11 7 704 0
t 11 7 704 32
t 11 7 704 64
t 11 7 704 96
t 11 7 704 128
t 11 7 704 160
t 11 7 704 192
t 11 7 704 224
t 11 7 704 256
t 11 7 704 288
t 11 7 704 320
t 11 7 704 352
t 11 7 704 384
t 11 7 704 416
t 11 7 704 448
t 11 7 704 480
t 11 7 704 512
t 11 7 704 544
t 11 7 704 576
t 11 7 704 608
t 11 7 736 0
t 11 7 736 32
t 11 7 736 64
t 11 7 736 96
t 11 7 736 128
t 11 7 736 160
t 11 7 736 192
t 11 7 736 224
t 11 7 736 256
t 11 7 736 288
t 11 7 736 320
t 11 7 736 352
t 11 7 736 384
t 11 7 736 416
t 11 7 736 448
t 11 7 736 480
t 11 7 736 512
t 11 7 736 544
t 11 7 736 576
t 11 7 736 608
t 11 7 768 0
t 11 7 768 32
t 11 7 768 64
t 11 7 768 96
t 11 7 768 128
t 11 7 768 160
t 11 7 768 192
t 11 7 768 224
t 11 7 768 256
t 11 7 768 288
t 11 7 768 320
t 11 7 768 352
t 11 7 768 384
t 11 7 768 416
t 11 7 768 448
t 11 7 768 480
t 11 7 768 512
t 11 7 768 544
t 11 7 768 576
t 11 7 768 608
t 11 7 800 0
t 11 7 800 32
t 11 7 800 64
t 11 7 800 96
t 11 7 800 128
t 11 7 800 160
t 11 7 800 192
t 11 7 800 224
t 11 7 800 256
t 11 7 800 288
t 11 7 800 320
t 11 7 800 352
t 11 7 800 384
t 11 7 800 416
t 11 7 800 448
t 11 7 800 480
t 11 7 800 512
t 11 7 800 544
t 11 7 800 576
t 11 7 800 608
t 1 7 800 88
t 1 7 768 88
t 1 7 736 88
t 1 7 704 88
t 1 7 672 88
t 1 7 640 88
t 1 7 608 88
t 1 7 576 88
t 1 7 544 88
t 1 7 512 88
t 1 7 480 88
t 1 7 448 88
t 1 7 416 88
t 1 7 384 88
t 1 7 352 88
t 1 7 320 88
t 1 7 288 88
t 1 7 256 88
t 1 7 224 88
t 1 7 192 88
t 1 7 160 88
t 1 7 128 88
t 1 7 96 88
t 1 7 64 88
t 1 7 32 88
t 1 7 0 88
m 3 0 704 152
