800 600
t 11 10 0 0
t 11 10 0 32
t 11 10 0 64
t 11 10 0 96
t 11 10 0 128
t 11 10 0 160
t 11 10 0 192
t 11 10 0 224
t 11 10 0 256
t 11 10 0 288
t 11 10 0 320
t 11 10 0 352
t 11 10 0 384
t 11 10 0 416
t 11 10 0 448
t 11 10 0 480
t 11 10 0 512
t 11 10 0 544
t 11 10 0 576
t 11 10 0 608
t 11 10 32 0
t 11 10 32 32
t 11 10 32 64
t 11 10 32 96
t 11 10 32 128
t 11 10 32 160
t 11 10 32 192
t 11 10 32 224
t 11 10 32 256
t 11 10 32 288
t 11 10 32 320
t 11 10 32 352
t 11 10 32 384
t 11 10 32 416
t 11 10 32 448
t 11 10 32 480
t 11 10 32 512
t 11 10 32 544
t 11 10 32 576
t 11 10 32 608
t 11 10 64 0
t 11 10 64 32
t 11 10 64 64
t 11 10 64 96
t 11 10 64 128
t 11 10 64 160
t 11 10 64 192
t 11 10 64 224
t 11 10 64 256
t 11 10 64 288
t 11 10 64 320
t 11 10 64 352
t 11 10 64 384
t 11 10 64 416
t 11 10 64 448
t 11 10 64 480
t 11 10 64 512
t 11 10 64 544
t 11 10 64 576
t 11 10 64 608
t 11 10 96 0
t 11 10 96 32
t 11 10 96 64
t 11 10 96 96
t 11 10 96 128
t 11 10 96 160
t 11 10 96 192
t 11 10 96 224
t 11 10 96 256
t 11 10 96 288
t 11 10 96 320
t 11 10 96 352
t 11 10 96 384
t 11 10 96 416
t 11 10 96 448
t 11 10 96 480
t 11 10 96 512
t 11 10 96 544
t 11 10 96 576
t 11 10 96 608
t 11 10 128 0
t 11 10 128 32
t 11 10 128 64
t 11 10 128 96
t 11 10 128 128
t 11 10 128 160
t 11 10 128 192
t 11 10 128 224
t 11 10 128 256
t 11 10 128 288
t 11 10 128 320
t 11 10 128 352
t 11 10 128 384
t 11 10 128 416
t 11 10 128 448
t 11 10 128 480
t 11 10 128 512
t 11 10 128 544
t 11 10 128 576
t 11 10 128 608
t 11 10 160 0
t 11 10 160 32
t 11 10 160 64
t 11 10 160 96
t 11 10 160 128
t 11 10 160 160
t 11 10 160 192
t 11 10 160 224
t 11 10 160 256
t 11 10 160 288
t 11 10 160 320
t 11 10 160 352
t 11 10 160 384
t 11 10 160 416
t 11 10 160 448
t 11 10 160 480
t 11 10 160 512
t 11 10 160 544
t 11 10 160 576
t 11 10 160 608
t 11 10 192 0
t 11 10 192 32
t 11 10 192 64
t 11 10 192 96
t 11 10 192 128
t 11 10 192 160
t 11 10 192 192
t 11 10 192 224
t 11 10 192 256
t 11 10 192 288
t 11 10 192 320
t 11 10 192 352
t 11 10 192 384
t 11 10 192 416
t 11 10 192 448
t 11 10 192 480
t 11 10 192 512
t 11 10 192 544
t 11 10 192 576
t 11 10 192 608
t 11 10 224 0
t 11 10 224 32
t 11 10 224 64
t 11 10 224 96
t 11 10 224 128
t 11 10 224 160
t 11 10 224 192
t 11 10 224 224
t 11 10 224 256
t 11 10 224 288
t 11 10 224 320
t 11 10 224 352
t 11 10 224 384
t 11 10 224 416
t 11 10 224 448
t 11 10 224 480
t 11 10 224 512
t 11 10 224 544
t 11 10 224 576
t 11 10 224 608
t 11 10 256 0
t 11 10 256 32
t 11 10 256 64
t 11 10 256 96
t 11 10 256 128
t 11 10 256 160
t 11 10 256 192
t 11 10 256 224
t 11 10 256 256
t 11 10 256 288
t 11 10 256 320
t 11 10 256 352
t 11 10 256 384
t 11 10 256 416
t 11 10 256 448
t 11 10 256 480
t 11 10 256 512
t 11 10 256 544
t 11 10 256 576
t 11 10 256 608
t 11 10 288 0
t 11 10 288 32
t 11 10 288 64
t 11 10 288 96
t 11 10 288 128
t 11 10 288 160
t 11 10 288 192
t 11 10 288 224
t 11 10 288 256
t 11 10 288 288
t 11 10 288 320
t 11 10 288 352
t 11 10 288 384
t 11 10 288 416
t 11 10 288 448
t 11 10 288 480
t 11 10 288 512
t 11 10 288 544
t 11 10 288 576
t 11 10 288 608
t 11 10 320 0
t 11 10 320 32
t 11 10 320 64
t 11 10 320 96
t 11 10 320 128
t 11 10 320 160
t 11 10 320 192
t 11 10 320 224
t 11 10 320 256
t 11 10 320 288
t 11 10 320 320
t 11 10 320 352
t 11 10 320 384
t 11 10 320 416
t 11 10 320 448
t 11 10 320 480
t 11 10 320 512
t 11 10 320 544
t 11 10 320 576
t 11 10 320 608
t 11 10 352 0
t 11 10 352 32
t 11 10 352 64
t 11 10 352 96
t 11 10 352 128
t 11 10 352 160
t 11 10 352 192
t 11 10 352 224
t 11 10 352 256
t 11 10 352 288
t 11 10 352 320
t 11 10 352 352
t 11 10 352 384
t 11 10 352 416
t 11 10 352 448
t 11 10 352 480
t 11 10 352 512
t 11 10 352 544
t 11 10 352 576
t 11 10 352 608
t 11 10 384 0
t 11 10 384 32
t 11 10 384 64
t 11 10 384 96
t 11 10 384 128
t 11 10 384 160
t 11 10 384 192
t 11 10 384 224
t 11 10 384 256
t 11 10 384 288
t 11 10 384 320
t 11 10 384 352
t 11 10 384 384
t 11 10 384 416
t 11 10 384 448
t 11 10 384 480
t 11 10 384 512
t 11 10 384 544
t 11 10 384 576
t 11 10 384 608
t 11 10 416 0
t 11 10 416 32
t 11 10 416 64
t 11 10 416 96
t 11 10 416 128
t 11 10 416 160
t 11 10 416 192
t 11 10 416 224
t 11 10 416 256
t 11 10 416 288
t 11 10 416 320
t 11 10 416 352
t 11 10 416 384
t 11 10 416 416
t 11 10 416 448
t 11 10 416 480
t 11 10 416 512
t 11 10 416 544
t 11 10 416 576
t 11 10 416 608
t 11 10 448 0
t 11 10 448 32
t 11 10 448 64
t 11 10 448 96
t 11 10 448 128
t 11 10 448 160
t 11 10 448 192
t 11 10 448 224
t 11 10 448 256
t 11 10 448 288
t 11 10 448 320
t 11 10 448 352
t 11 10 448 384
t 11 10 448 416
t 11 10 448 448
t 11 10 448 480
t 11 10 448 512
t 11 10 448 544
t 11 10 448 576
t 11 10 448 608
t 11 10 480 0
t 11 10 480 32
t 11 10 480 64
t 11 10 480 96
t 11 10 480 128
t 11 10 480 160
t 11 10 480 192
t 11 10 480 224
t 11 10 480 256
t 11 10 480 288
t 11 10 480 320
t 11 10 480 352
t 11 10 480 384
t 11 10 480 416
t 11 10 480 448
t 11 10 480 480
t 11 10 480 512
t 11 10 480 544
t 11 10 480 576
t 11 10 480 608
t 11 10 512 0
t 11 10 512 32
t 11 10 512 64
t 11 10 512 96
t 11 10 512 128
t 11 10 512 160
t 11 10 512 192
t 11 10 512 224
t 11 10 512 256
t 11 10 512 288
t 11 10 512 320
t 11 10 512 352
t 11 10 512 384
t 11 10 512 416
t 11 10 512 448
t 11 10 512 480
t 11 10 512 512
t 11 10 512 544
t 11 10 512 576
t 11 10 512 608
t 11 10 544 0
t 11 10 544 32
t 11 10 544 64
t 11 10 544 96
t 11 10 544 128
t 11 10 544 160
t 11 10 544 192
t 11 10 544 224
t 11 10 544 256
t 11 10 544 288
t 11 10 544 320
t 11 10 544 352
t 11 10 544 384
t 11 10 544 416
t 11 10 544 448
t 11 10 544 480
t 11 10 544 512
t 11 10 544 544
t 11 10 544 576
t 11 10 544 608
t 11 10 576 0
t 11 10 576 32
t 11 10 576 64
t 11 10 576 96
t 11 10 576 128
t 11 10 576 160
t 11 10 576 192
t 11 10 576 224
t 11 10 576 256
t 11 10 576 288
t 11 10 576 320
t 11 10 576 352
t 11 10 576 384
t 11 10 576 416
t 11 10 576 448
t 11 10 576 480
t 11 10 576 512
t 11 10 576 544
t 11 10 576 576
t 11 10 576 608
t 11 10 608 0
t 11 10 608 32
t 11 10 608 64
t 11 10 608 96
t 11 10 608 128
t 11 10 608 160
t 11 10 608 192
t 11 10 608 224
t 11 10 608 256
t 11 10 608 288
t 11 10 608 320
t 11 10 608 352
t 11 10 608 384
t 11 10 608 416
t 11 10 608 448
t 11 10 608 480
t 11 10 608 512
t 11 10 608 544
t 11 10 608 576
t 11 10 608 608
t 11 10 640 0
t 11 10 640 32
t 11 10 640 64
t 11 10 640 96
t 11 10 640 128
t 11 10 640 160
t 11 10 640 192
t 11 10 640 224
t 11 10 640 256
t 11 10 640 288
t 11 10 640 320
t 11 10 640 352
t 11 10 640 384
t 11 10 640 416
t 11 10 640 448
t 11 10 640 480
t 11 10 640 512
t 11 10 640 544
t 11 10 640 576
t 11 10 640 608
t 11 10 672 0
t 11 10 672 32
t 11 10 672 64
t 11 10 672 96
t 11 10 672 128
t 11 10 672 160
t 11 10 672 192
t 11 10 672 224
t 11 10 672 256
t 11 10 672 288
t 11 10 672 320
t 11 10 672 352
t 11 10 672 384
t 11 10 672 416
t 11 10 672 448
t 11 10 672 480
t 11 10 672 512
t 11 10 672 544
t 11 10 672 576
t 11 10 672 608
t 11 10 704 0
t 11 10 704 32
t 11 10 704 64
t 11 10 704 96
t 11 10 704 128
t 11 10 704 160
t 11 10 704 192
t 11 10 704 224
t 11 10 704 256
t 11 10 704 288
t 11 10 704 320
t 11 10 704 352
t 11 10 704 384
t 11 10 704 416
t 11 10 704 448
t 11 10 704 480
t 11 10 704 512
t 11 10 704 544
t 11 10 704 576
t 11 10 704 608
t 11 10 736 0
t 11 10 736 32
t 11 10 736 64
t 11 10 736 96
t 11 10 736 128
t 11 10 736 160
t 11 10 736 192
t 11 10 736 224
t 11 10 736 256
t 11 10 736 288
t 11 10 736 320
t 11 10 736 352
t 11 10 736 384
t 11 10 736 416
t 11 10 736 448
t 11 10 736 480
t 11 10 736 512
t 11 10 736 544
t 11 10 736 576
t 11 10 736 608
t 11 10 768 0
t 11 10 768 32
t 11 10 768 64
t 11 10 768 96
t 11 10 768 128
t 11 10 768 160
t 11 10 768 192
t 11 10 768 224
t 11 10 768 256
t 11 10 768 288
t 11 10 768 320
t 11 10 768 352
t 11 10 768 384
t 11 10 768 416
t 11 10 768 448
t 11 10 768 480
t 11 10 768 512
t 11 10 768 544
t 11 10 768 576
t 11 10 768 608
t 11 10 800 0
t 11 10 800 32
t 11 10 800 64
t 11 10 800 96
t 11 10 800 128
t 11 10 800 160
t 11 10 800 192
t 11 10 800 224
t 11 10 800 256
t 11 10 800 288
t 11 10 800 320
t 11 10 800 352
t 11 10 800 384
t 11 10 800 416
t 11 10 800 448
t 11 10 800 480
t 11 10 800 512
t 11 10 800 544
t 11 10 800 576
t 11 10 800 608
t 2 9 480 -8
t 2 9 480 24
t 2 9 480 56
t 0 9 704 56
t 0 9 704 24
t 0 9 704 -8
t 6 10 544 24
t 6 10 576 24
t 6 10 608 24
t 6 10 640 24
t 1 10 448 120
t 2 10 480 120
t 2 9 480 88
t 0 9 704 88
t 0 9 704 120
t 0 9 704 152
t 0 9 704 184
t 0 9 704 216
t 0 9 704 248
t 0 10 704 280
t 0 9 736 312
t 0 9 736 344
t 0 9 736 376
t 0 8 704 408
t 0 9 704 440
t 0 9 704 472
t 0 9 704 504
t 0 9 704 504
t 0 9 704 536
t 0 9 704 600
t 0 9 704 568
t 4 10 736 408
t 4 9 736 280
t 2 9 416 152
t 2 9 416 184
t 2 10 416 216
t 1 10 384 216
t 2 9 352 248
t 2 9 352 280
t 2 10 352 312
t 1 10 320 312
t 1 10 288 312
t 1 10 256 312
t 0 10 224 312
t 0 9 224 280
t 1 10 192 248
t 1 10 160 248
t 1 10 128 248
t 2 9 32 600
t 2 9 32 568
t 2 9 32 536
t 2 9 32 504
t 2 9 32 472
t 2 9 32 440
t 2 9 32 408
t 2 9 32 376
t 2 9 32 344
t 2 9 32 312
t 2 9 32 280
t 2 9 32 248
t 2 9 32 216
t 2 9 32 152
t 2 9 32 184
t 2 9 32 120
t 2 9 32 88
t 2 9 32 56
t 2 9 32 24
t 2 9 32 -8
t 1 10 96 248
t 1 10 64 248
t 4 9 224 248
t 3 9 352 216
t 3 9 416 120
t 0 1 128 280
t 6 10 576 120
t 6 10 608 120
t 10 0 512 -8 110 512 608
t 10 0 544 -8 110 544 608
t 10 0 576 -8 110 576 608
t 10 0 608 -8 110 608 608
t 10 0 640 -8 110 640 608
t 10 0 672 -8 110 672 608
t 0 1 704 312
t 6 8 704 376
t 4 3 704 312
m 0 0 96 280
m 0 0 160 280
t 2 9 192 600
t 2 9 192 568
t 2 9 192 536
t 1 10 224 504
t 1 10 256 504
t 1 10 288 504
t 1 10 320 504
t 1 10 352 504
t 1 10 384 504
t 1 10 416 504
t 1 10 448 504
t 1 10 480 504
t 1 10 512 504
t 0 9 544 536
t 0 9 544 600
t 0 9 544 568
t 4 9 544 504
t 3 9 192 504
t 5 3 224 568
t 6 3 224 536
t 6 3 256 536
t 6 3 288 536
t 6 3 320 536
t 6 3 352 536
t 6 3 384 536
t 6 3 416 536
t 6 3 448 536
t 6 3 480 536
t 6 3 512 536
t 5 3 256 568
t 5 3 288 568
t 5 3 320 568
t 5 3 352 568
t 5 3 384 568
t 5 3 416 568
t 5 3 448 568
t 5 3 480 568
t 5 3 512 568
t 1 2 480 536
t 0 2 256 536
t 0 2 384 536
t 1 2 288 536
t 1 0 416 248 오른쪽의 상자는 유물의 도움이 필요해
