800 600
11 10 0 0
11 10 0 32
11 10 0 64
11 10 0 96
11 10 0 128
11 10 0 160
11 10 0 192
11 10 0 224
11 10 0 256
11 10 0 288
11 10 0 320
11 10 0 352
11 10 0 384
11 10 0 416
11 10 0 448
11 10 0 480
11 10 0 512
11 10 0 544
11 10 0 576
11 10 0 608
11 10 32 0
11 10 32 32
11 10 32 64
11 10 32 96
11 10 32 128
11 10 32 160
11 10 32 192
11 10 32 224
11 10 32 256
11 10 32 288
11 10 32 320
11 10 32 352
11 10 32 384
11 10 32 416
11 10 32 448
11 10 32 480
11 10 32 512
11 10 32 544
11 10 32 576
11 10 32 608
11 10 64 0
11 10 64 32
11 10 64 64
11 10 64 96
11 10 64 128
11 10 64 160
11 10 64 192
11 10 64 224
11 10 64 256
11 10 64 288
11 10 64 320
11 10 64 352
11 10 64 384
11 10 64 416
11 10 64 448
11 10 64 480
11 10 64 512
11 10 64 544
11 10 64 576
11 10 64 608
11 10 96 0
11 10 96 32
11 10 96 64
11 10 96 96
11 10 96 128
11 10 96 160
11 10 96 192
11 10 96 224
11 10 96 256
11 10 96 288
11 10 96 320
11 10 96 352
11 10 96 384
11 10 96 416
11 10 96 448
11 10 96 480
11 10 96 512
11 10 96 544
11 10 96 576
11 10 96 608
11 10 128 0
11 10 128 32
11 10 128 64
11 10 128 96
11 10 128 128
11 10 128 160
11 10 128 192
11 10 128 224
11 10 128 256
11 10 128 288
11 10 128 320
11 10 128 352
11 10 128 384
11 10 128 416
11 10 128 448
11 10 128 480
11 10 128 512
11 10 128 544
11 10 128 576
11 10 128 608
11 10 160 0
11 10 160 32
11 10 160 64
11 10 160 96
11 10 160 128
11 10 160 160
11 10 160 192
11 10 160 224
11 10 160 256
11 10 160 288
11 10 160 320
11 10 160 352
11 10 160 384
11 10 160 416
11 10 160 448
11 10 160 480
11 10 160 512
11 10 160 544
11 10 160 576
11 10 160 608
11 10 192 0
11 10 192 32
11 10 192 64
11 10 192 96
11 10 192 128
11 10 192 160
11 10 192 192
11 10 192 224
11 10 192 256
11 10 192 288
11 10 192 320
11 10 192 352
11 10 192 384
11 10 192 416
11 10 192 448
11 10 192 480
11 10 192 512
11 10 192 544
11 10 192 576
11 10 192 608
11 10 224 0
11 10 224 32
11 10 224 64
11 10 224 96
11 10 224 128
11 10 224 160
11 10 224 192
11 10 224 224
11 10 224 256
11 10 224 288
11 10 224 320
11 10 224 352
11 10 224 384
11 10 224 416
11 10 224 448
11 10 224 480
11 10 224 512
11 10 224 544
11 10 224 576
11 10 224 608
11 10 256 0
11 10 256 32
11 10 256 64
11 10 256 96
11 10 256 128
11 10 256 160
11 10 256 192
11 10 256 224
11 10 256 256
11 10 256 288
11 10 256 320
11 10 256 352
11 10 256 384
11 10 256 416
11 10 256 448
11 10 256 480
11 10 256 512
11 10 256 544
11 10 256 576
11 10 256 608
11 10 288 0
11 10 288 32
11 10 288 64
11 10 288 96
11 10 288 128
11 10 288 160
11 10 288 192
11 10 288 224
11 10 288 256
11 10 288 288
11 10 288 320
11 10 288 352
11 10 288 384
11 10 288 416
11 10 288 448
11 10 288 480
11 10 288 512
11 10 288 544
11 10 288 576
11 10 288 608
11 10 320 0
11 10 320 32
11 10 320 64
11 10 320 96
11 10 320 128
11 10 320 160
11 10 320 192
11 10 320 224
11 10 320 256
11 10 320 288
11 10 320 320
11 10 320 352
11 10 320 384
11 10 320 416
11 10 320 448
11 10 320 480
11 10 320 512
11 10 320 544
11 10 320 576
11 10 320 608
11 10 352 0
11 10 352 32
11 10 352 64
11 10 352 96
11 10 352 128
11 10 352 160
11 10 352 192
11 10 352 224
11 10 352 256
11 10 352 288
11 10 352 320
11 10 352 352
11 10 352 384
11 10 352 416
11 10 352 448
11 10 352 480
11 10 352 512
11 10 352 544
11 10 352 576
11 10 352 608
11 10 384 0
11 10 384 32
11 10 384 64
11 10 384 96
11 10 384 128
11 10 384 160
11 10 384 192
11 10 384 224
11 10 384 256
11 10 384 288
11 10 384 320
11 10 384 352
11 10 384 384
11 10 384 416
11 10 384 448
11 10 384 480
11 10 384 512
11 10 384 544
11 10 384 576
11 10 384 608
11 10 416 0
11 10 416 32
11 10 416 64
11 10 416 96
11 10 416 128
11 10 416 160
11 10 416 192
11 10 416 224
11 10 416 256
11 10 416 288
11 10 416 320
11 10 416 352
11 10 416 384
11 10 416 416
11 10 416 448
11 10 416 480
11 10 416 512
11 10 416 544
11 10 416 576
11 10 416 608
11 10 448 0
11 10 448 32
11 10 448 64
11 10 448 96
11 10 448 128
11 10 448 160
11 10 448 192
11 10 448 224
11 10 448 256
11 10 448 288
11 10 448 320
11 10 448 352
11 10 448 384
11 10 448 416
11 10 448 448
11 10 448 480
11 10 448 512
11 10 448 544
11 10 448 576
11 10 448 608
11 10 480 0
11 10 480 32
11 10 480 64
11 10 480 96
11 10 480 128
11 10 480 160
11 10 480 192
11 10 480 224
11 10 480 256
11 10 480 288
11 10 480 320
11 10 480 352
11 10 480 384
11 10 480 416
11 10 480 448
11 10 480 480
11 10 480 512
11 10 480 544
11 10 480 576
11 10 480 608
11 10 512 0
11 10 512 32
11 10 512 64
11 10 512 96
11 10 512 128
11 10 512 160
11 10 512 192
11 10 512 224
11 10 512 256
11 10 512 288
11 10 512 320
11 10 512 352
11 10 512 384
11 10 512 416
11 10 512 448
11 10 512 480
11 10 512 512
11 10 512 544
11 10 512 576
11 10 512 608
11 10 544 0
11 10 544 32
11 10 544 64
11 10 544 96
11 10 544 128
11 10 544 160
11 10 544 192
11 10 544 224
11 10 544 256
11 10 544 288
11 10 544 320
11 10 544 352
11 10 544 384
11 10 544 416
11 10 544 448
11 10 544 480
11 10 544 512
11 10 544 544
11 10 544 576
11 10 544 608
11 10 576 0
11 10 576 32
11 10 576 64
11 10 576 96
11 10 576 128
11 10 576 160
11 10 576 192
11 10 576 224
11 10 576 256
11 10 576 288
11 10 576 320
11 10 576 352
11 10 576 384
11 10 576 416
11 10 576 448
11 10 576 480
11 10 576 512
11 10 576 544
11 10 576 576
11 10 576 608
11 10 608 0
11 10 608 32
11 10 608 64
11 10 608 96
11 10 608 128
11 10 608 160
11 10 608 192
11 10 608 224
11 10 608 256
11 10 608 288
11 10 608 320
11 10 608 352
11 10 608 384
11 10 608 416
11 10 608 448
11 10 608 480
11 10 608 512
11 10 608 544
11 10 608 576
11 10 608 608
11 10 640 0
11 10 640 32
11 10 640 64
11 10 640 96
11 10 640 128
11 10 640 160
11 10 640 192
11 10 640 224
11 10 640 256
11 10 640 288
11 10 640 320
11 10 640 352
11 10 640 384
11 10 640 416
11 10 640 448
11 10 640 480
11 10 640 512
11 10 640 544
11 10 640 576
11 10 640 608
11 10 672 0
11 10 672 32
11 10 672 64
11 10 672 96
11 10 672 128
11 10 672 160
11 10 672 192
11 10 672 224
11 10 672 256
11 10 672 288
11 10 672 320
11 10 672 352
11 10 672 384
11 10 672 416
11 10 672 448
11 10 672 480
11 10 672 512
11 10 672 544
11 10 672 576
11 10 672 608
11 10 704 0
11 10 704 32
11 10 704 64
11 10 704 96
11 10 704 128
11 10 704 160
11 10 704 192
11 10 704 224
11 10 704 256
11 10 704 288
11 10 704 320
11 10 704 352
11 10 704 384
11 10 704 416
11 10 704 448
11 10 704 480
11 10 704 512
11 10 704 544
11 10 704 576
11 10 704 608
11 10 736 0
11 10 736 32
11 10 736 64
11 10 736 96
11 10 736 128
11 10 736 160
11 10 736 192
11 10 736 224
11 10 736 256
11 10 736 288
11 10 736 320
11 10 736 352
11 10 736 384
11 10 736 416
11 10 736 448
11 10 736 480
11 10 736 512
11 10 736 544
11 10 736 576
11 10 736 608
11 10 768 0
11 10 768 32
11 10 768 64
11 10 768 96
11 10 768 128
11 10 768 160
11 10 768 192
11 10 768 224
11 10 768 256
11 10 768 288
11 10 768 320
11 10 768 352
11 10 768 384
11 10 768 416
11 10 768 448
11 10 768 480
11 10 768 512
11 10 768 544
11 10 768 576
11 10 768 608
11 10 800 0
11 10 800 32
11 10 800 64
11 10 800 96
11 10 800 128
11 10 800 160
11 10 800 192
11 10 800 224
11 10 800 256
11 10 800 288
11 10 800 320
11 10 800 352
11 10 800 384
11 10 800 416
11 10 800 448
11 10 800 480
11 10 800 512
11 10 800 544
11 10 800 576
11 10 800 608
1 10 0 352
1 10 32 352
1 10 64 352
1 10 96 352
1 10 128 352
1 10 160 352
1 10 192 352
1 10 224 352
1 10 256 352
1 10 288 352
1 10 320 352
2 10 352 352
0 10 448 352
1 10 480 352
1 10 512 352
1 10 544 352
1 10 576 352
1 10 608 352
1 10 640 352
1 10 672 352
1 10 704 352
1 10 736 352
1 10 768 352
1 10 800 352
2 9 352 384
2 9 352 416
2 9 352 448
2 9 352 480
2 9 352 512
2 9 352 544
2 9 352 576
2 9 352 608
0 9 448 384
0 9 448 416
0 9 448 448
0 9 448 480
0 9 448 512
0 9 448 544
0 9 448 576
0 9 448 608
10 0 384 576 200 100 100
10 0 416 576 200 100 100
11 0 800 320 300 100 100
9 0 0 320 400 100 100
6 10 384 224
6 10 416 224
6 10 384 128
6 10 416 128
6 10 384 32
6 10 416 32
10 1 384 0 500 100 100
10 1 416 0 500 100 100
